5
-6
11
20
16
14
25
15
-1
17
35
33
31
48
61
75
64
83
69
77
87
84
72
85
82
100
80
88
91
99
112
121
135
124
118
134
122
136
128
131
113
102
108
106
92
90
107
105
111
110
97
117
126
140
125
109
127
123
115
120
139
138
157
168
165
181
169
163
166
159
158
162
147
142
155
164
175
177
194
206
199
183
196
185
171
193
209
201
217
225
215
223
204
221
212
220
218
236
245
246
256
242
248
250
252
237
222
216
227
243
235
249
231
219
233
240
239
226
208
195
200
197
179
186
184
182
188
176
191
192
210
202
224
230
229
238
247
264
282
291
304
296
279
295
311
323
312
306
297
310
321
313
301
309
299
316
303
286
293
283
280
284
285
274
277
271
290
294
307
308
319
325
322
338
346
347
364
354
372
369
362
382
386
387
379
380
378
390
389
397
405
423
413
419
403
404
401
411
400
399
394
409
398
388
406
410
418
432
438
454
466
468
449
467
462
446
436
429
426
439
453
469
482
470
485
493
510
520
527
533
550
569
588
572
582
586
570
556
564
571
549
541
522
535
547
529
508
518
506
504
492
481
465
445
451
448
450
434
443
430
431
433
420
435
444
437
459
457
475
480
484
464
478
461
442
458
452
471
472
477
501
512
496
511
524
539
536
531
514
513
521
526
516
525
523
530
519
502
489
488
479
483
473
447
425
441
455
476
456
499
507
495
497
490
505
517
534
546
528
544
532
545
553
567
555
581
575
593
590
583
602
597
610
622
608
601
587
600
613
595
589
592
580
585
565
584
573
566
551
540
552
538
562
561
579
603
594
605
614
611
619
598
599
616
617
621
641
629
624
647
638
644
632
596
609
606
639
637
646
657
680
662
684
673
687
696
704
692
697
694
691
699
715
721
703
713
695
689
688
686
710
693
716
732
723
733
756
746
748
750
741
754
757
775
787
802
818
815
808
801
796
805
806
803
784
777
794
797
810
835
831
830
811
804
819
798
841
858
863
882
892
906
891
879
898
917
901
894
887
872
878
870
888
900
893
875
884
902
918
895
877
874
886
871
880
883
869
885
903
916
935
934
945
959
955
939
950
938
965
964
951
960
967
958
957
971
936
908
909
913
928
910
920
914
926
924
919
896
927
904
867
873
860
857
861
899
876
848
824
809
813
816
800
832
845
821
812
771
730
717
676
659
675
672
636
500
491
498
494
440
460
463
474
487
503
509
515
486
368
300
-116
-509
-74313
-74296
-74288
-74302
-74290
-74312
-74331
-74338
-74341
-74355
-74347
-74350
-74353
-74337
-74351
-74346
-74365
-74349
-74334
-74326
-74315
-74329
-74342
-74339
-74325
-74340
-74321
-74295
-74287
-74298
-74310
-74293
-74305
-74317
-74297
-74275
-74262
-74248
-74235
-74238
-74240
-74241
-74245
-74261
-74254
-74242
-74224
-74239
-74250
-74243
-74258
-74247
-74231
-74218
-74202
-74204
-74213
-74217
-74211
-74219
-74246
-74230
-74237
-74150
-74133
-74122
-74134
-74136
-74125
-74138
-74147
-74157
-74178
-74163
-74186
-74201
-74188
-74177
-74140
-74124
-74102
-74086
-74074
-74056
-74065
-74073
-74054
-74059
-74063
-74050
-74042
-74038
-74047
-74043
-74034
-74030
-74049
-74051
-74062
-74064
-74048
-74031
-74025
-74033
-74014
-74016
-74010
-74008
-74018
-74006
-74000
-74020
-74026
-74021
-74007
-73995
-73975
-73996
-73974
-73976
-73967
-73969
-73983
-73998
-73984
-73977
-73979
-73970
-73989
-74041
-74061
-74057
-74058
-74076
-74067
-74060
-74077
-74099
-74119
-74126
-74128
-74137
-74129
-74132
-74121
-74103
-74110
-74093
-74071
-74089
-74104
-74123
-74131
-74118
-74115
-74130
-74113
-74116
-74159
-74193
-74184
-74221
-74180
-74039
-74055
-74036
-74046
-74032
-74028
-74035
-74052
-74040
-74017
-74015
-73999
-73963
-74024
-74277
-74318
-74362
-74379
-74369
-74378
-74383
-74368
-74348
-74332
-74336
-74333
-74345
-74324
-74335
-74344
-74328
-74352
-74364
-74359
-74361
-74367
-74385
-74400
-74384
-74394
-74399
-74403
-74395
-74389
-74409
-74412
-74431
-74424
-74420
-74423
-74434
-74414
-74410
-74393
-74396
-74401
-74404
-74398
-74402
-74418
-74433
-74430
-74411
-74429
-74413
-74422
-74405
-74390
-74415
-74427
-74444
-74461
-74465
-74452
-74467
-74463
-74446
-74453
-74440
-74458
-74454
-74451
-74441
-74436
-74437
-74425
-74416
-74435
-74419
-74417
-74428
-74442
-74456
-74470
-74472
-74466
-74469
-74468
-74483
-74480
-74478
-74489
-74498
-74494
-74497
-74484
-74485
-74505
-74524
-74537
-74545
-74546
-74533
-74525
-74516
-74514
-74508
-74500
-74509
-74529
-74534
-74523
-74503
-74501
-74492
-74477
-74460
-74457
-74439
-74459
-74462
-74455
-74447
-74432
-74438
-74448
-74464
-74445
-74443
-74475
-74482
-74493
-74490
-74479
-74504
-74515
-74499
-74502
-74486
-74521
-74511
-74495
-74471
-74474
-74473
-74488
-74496
-74476
-74449
-74426
-74406
-74407
-74421
-74387
-74373
-74370
-74388
-74382
-74372
-74363
-74381
-74408
-74450
-74491
-74528
-74540
-74562
-74547
-74535
-74554
-74572
-74555
-74570
-74552
-74556
-74536
-74548
-74531
-74565
-74588
-74596
-74623
-74627
-74635
-74615
-74625
-74633
-74652
-74644
-74648
-74637
-74638
-74649
-74640
-74639
-74643
-74628
-74634
-74631
-74641
-74651
-74655
-74650
-74622
-74624
-74609
-74630
-74611
-74612
-74618
-74626
-74613
-74657
-74654
-74663
-74660
-74684
-74703
-74686
-74689
-74682
-74698
-74687
-74670
-74697
-74712
-74714
-74725
-74743
-74734
-74740
-74757
-74755
-74771
-74758
-74742
-74751
-74750
-74763
-74768
-74779
-74775
-74777
-74769
-74766
-74741
-74726
-74746
-74739
-74737
-74732
-74735
-74748
-74765
-74770
-74776
-74772
-74752
-74730
-74722
-74704
-74711
-74707
-74694
-74695
-74701
-74715
-74719
-74724
-74749
-74728
-74733
-74753
-74738
-74718
-74717
-74716
-74713
-74708
-74705
543